[0.08781328626563865, -0.032912327784437624, 0.006004778068333867]
---
[0.11346724229458, -0.03577969569071898, 0.00651876871981225]
---
[0.1301067951860497, -0.03841528781955772, 0.006646384646245582]
---
[0.1487014306266084, -0.03558218191609652, 0.005298274230306918]
---
[0.17114444544193066, -0.03522456337512245, 0.004857417440472753]
---
[0.08320828126005975, -0.006462350522514528, 0.005561061411673384]
---
[0.10558164434487001, -0.014175083233573157, 0.014680578011938637]
---
[0.12065291552379376, -0.01816703347196264, 0.017176786015058974]
---
[0.15486731965942196, -0.016287541965533444, 0.010889291440118727]
---
[0.16545109672868824, -0.015826965738716635, 0.005901749010088999]
---
[0.08725274008855599, 0.002540562413708839, 0.007146706807956165]
---
[0.10247805759068077, 0.002776703395854165, 0.01647147290169293]
---
[0.13267129321250842, 0.002591902872761927, 0.031943880285373843]
---
[0.15437475528050465, 0.007651358542493449, 0.017240058610669594]
---
[0.17291302012457563, 0.00543248751239877, 0.0036531834281756277]
---
[0.08506023906249806, 0.01949637387568745, 0.004954617657752139]
---
[0.11225103405100567, 0.022512122571824538, 0.018201438718605682]
---
[0.1360907532165723, 0.0250306477726793, 0.017622614672982734]
---
[0.15280729570490095, 0.02733529951724031, 0.010916688402137123]
---
[0.16777699930469178, 0.02530993908637999, 0.004215584541198124]
---
[0.08838392254702884, 0.0393337171478226, 0.005377352674960395]
---
[0.11219005646110118, 0.04386065443243077, 0.005256527014812183]
---
[0.1338229757016239, 0.04464587394558381, 0.005177629593376796]
---
[0.1511809935546245, 0.04385751967143409, 0.00646824870666053]
---
[0.16411851977002437, 0.04310345675005128, 0.004281893581744604]
---
