[-0.08294786617949206, -0.4271918489393444, 0.9003481413853494]
---
[-0.1000693760811365, -0.3233965724523978, 0.9409573725184224]
---
[-0.1176829502250421, -0.3310965494494288, 0.9362295648872729]
---
[-0.03764073746670868, -0.363079768967197, 0.930997452332545]
---
[-0.0050919483651641895, -0.24945384420708125, 0.9683733018171016]
---
[-0.33653631943393336, -0.14314622474188912, 0.9307268471705359]
---
[-0.5643462018587627, -0.5391733191170959, 0.6251443804433043]
---
[-0.050773117744209104, -0.7476025942602579, 0.6622027269423353]
---
[0.5271573513843396, -0.4963846105750356, 0.6897154813875923]
---
[0.11610515111739612, -0.1599580332589448, 0.98027191201214]
---
[-0.5111154815090962, 0.044693696913515754, 0.8583492517722184]
---
[-0.7825942297182724, 0.025097554035672185, 0.6220260319255863]
---
[-0.17236433154984046, -0.03220235244064592, 0.9845067524941944]
---
[0.684647421165369, -0.007549141802887131, 0.7288353168924031]
---
[0.32630530866796753, 0.028450713577846634, 0.9448361775630808]
---
[-0.28902339901226065, 0.3435167090086687, 0.8935668668069855]
---
[-0.4076366891663754, 0.7655894748157496, 0.4976997947526409]
---
[0.26290204182448274, 0.8239204520773273, 0.5020334700527551]
---
[0.585743747544914, 0.45655755648574653, 0.6696711579781561]
---
[0.09523985720419378, 0.14754921148882919, 0.98445853126922]
---
[-0.10187363185510365, 0.4823441908131786, 0.8700378409709724]
---
[-0.09688006384367484, 0.3702350941975848, 0.9238724090772227]
---
[-0.12269858145019615, 0.34991878953879885, 0.9287098033496854]
---
[0.0035133318826235105, 0.42781726522997066, 0.903858420368053]
---
[-0.06837260740326356, 0.29956883564134373, 0.9516216155959093]
---
