[0.11605028521917085, -0.03722978978984294, 0.035170517667569776]
---
[0.13315132584208686, -0.037767967328825786, 0.03299496369838016]
---
[0.15463540488376423, -0.03947253572875829, 0.03279614209577991]
---
[0.17866555471849643, -0.03742600195440361, 0.03149072683627334]
---
[0.19329726916176734, -0.0351957271062209, 0.028155074788363682]
---
[0.10604934428343525, -0.0190077179303867, 0.03163009780389883]
---
[0.1294099179148544, -0.011563867907354435, 0.022101560471248227]
---
[0.15334944471760556, -0.014578799802829456, 0.019108883293906816]
---
[0.17523263679055304, -0.01607701192146311, 0.026979455094352206]
---
[0.19700475882664562, -0.01793487577215657, 0.02991800014990799]
---
[0.10733880544929665, -0.0016088796762232993, 0.03216595891626166]
---
[0.1278582143919869, 0.0019551527374435406, 0.016848182118488944]
---
[0.15083832762928778, 0.002555992635396519, 0.010091005369084364]
---
[0.16723882450989733, 0.0028579233051148328, 0.016405925462152873]
---
[0.19503764598558535, 0.005055256976443422, 0.03222079212203027]
---
[0.10892676009429393, 0.019898961938125525, 0.0314453205386164]
---
[0.12857994532001388, 0.02022854068019031, 0.024654730502455403]
---
[0.14932510054783174, 0.015655703091693035, 0.01680664267241557]
---
[0.16889180685807537, 0.015452494665473323, 0.021290785641270106]
---
[0.1958925102905189, 0.02268097884326404, 0.03160887047405399]
---
[0.10641383277843655, 0.038430493794132346, 0.030931936681028865]
---
[0.12099395159690751, 0.04223579387238302, 0.029618455342999717]
---
[0.15386704098269557, 0.036694471340659104, 0.029557799632493456]
---
[0.1728895890173836, 0.04346312466945762, 0.0303417493979815]
---
[0.18760379499543367, 0.04312862301098619, 0.029616098149055275]
---
