[-0.11256286081801706, -0.35629824209450744, 0.9275673372024416]
---
[-0.06990493964334468, -0.29229131460520574, 0.9537709823746059]
---
[-0.0639518622822731, -0.2168049986026801, 0.9741179353094374]
---
[-0.05935952809901174, -0.21877054929391046, 0.9739691438569825]
---
[0.4565273494025403, -0.1711005449304984, 0.8731021605585325]
---
[-0.08320134000003751, -0.1851783903288247, 0.9791764400645185]
---
[0.43895602596571975, 0.4318881303595794, 0.7879024369316863]
---
[-0.05801584066196607, 0.62217498673917, 0.78072559078616]
---
[-0.540960333154876, 0.3170838389691636, 0.7789863651037437]
---
[-0.06634536383807967, -0.08701498407128305, 0.9939953144981456]
---
[-0.16420818255564607, -0.020416956222842945, 0.9862143888021336]
---
[0.658289310898568, 0.04264320254789616, 0.751556212424026]
---
[-0.11587264253381376, 0.00042293907589167207, 0.9932639889952565]
---
[-0.7544497382603996, 0.09193584263603484, 0.6498872158133416]
---
[-0.23332821704295423, 0.04006963247075796, 0.9715721114179915]
---
[-0.0865478308315125, 0.20977212831387365, 0.9739122789866792]
---
[0.26610083080959207, -0.4237891105891652, 0.8657904697953711]
---
[-0.19106374763157324, -0.4936643876102052, 0.8484044535163753]
---
[-0.6885046958237295, -0.3105517272783099, 0.6553769209494118]
---
[-0.06516897746550922, 0.11108487010190311, 0.991671899375264]
---
[-0.10899980007975447, 0.39505119992542376, 0.91216971722375]
---
[-0.07389529816720956, 0.3806215328305773, 0.9217736889575885]
---
[-0.2385421697817814, -0.15456189407179605, 0.9587534897650901]
---
[-0.09570819359507056, 0.27274018852642873, 0.9573153771048163]
---
[-0.06241868191162426, 0.24065185782605647, 0.9686023908050626]
---
