[0.08356376843484456, -0.024374272917586835, 0.050239080774892426]
---
[0.1076362116293353, -0.030297411571905467, 0.0530497211097099]
---
[0.1191446698040098, -0.03107137796578726, 0.049090370134154654]
---
[0.1470473954672937, -0.03097940778420497, 0.05220069437340866]
---
[0.16210556910194174, -0.030336886865168722, 0.05085266653324727]
---
[0.08430421604893501, -0.008467807529625223, 0.052595490988638575]
---
[0.09879286131158348, -0.009894791715075839, 0.04590095220896803]
---
[0.11842055144863503, -0.008671208820543615, 0.04521851920699414]
---
[0.13474443601538255, -0.005841319604895454, 0.041484901700048094]
---
[0.15721424226476988, -0.008250828463471336, 0.04902311076909897]
---
[0.07664366167281401, 0.005067612098308338, 0.050080565674666205]
---
[0.10082632247371105, 0.008061236997907973, 0.04443942104200428]
---
[0.11864465967500716, 0.009843261859402853, 0.049217771120449685]
---
[0.13941560158919614, 0.011366285785515679, 0.04857902975486126]
---
[0.15227149511839483, 0.008833775428544789, 0.04880714721367203]
---
[0.07881235140106144, 0.024601814466779733, 0.0496193831715188]
---
[0.09975378011644885, 0.02617943283151661, 0.04114217979737692]
---
[0.12036743868474716, 0.031606268513957175, 0.04487926122840564]
---
[0.13238468298405218, 0.025678639867704904, 0.04015781206163564]
---
[0.16282311491692364, 0.029039688946496525, 0.050456404312143516]
---
[0.08314033453797125, 0.04175474054365182, 0.05183647298767123]
---
[0.09774581529384721, 0.04498997129177622, 0.050467988496804665]
---
[0.1170827595773858, 0.04600255521783611, 0.04992636386015126]
---
[0.13540914467417944, 0.04803962959652287, 0.0492782533873667]
---
[0.155424242713608, 0.048604197425955356, 0.047480249235505326]
---
