[0.07705855329638282, -0.0350315660254, 0.05021178093377895]
---
[0.08634265179640303, -0.03959047513659522, 0.04977416969954949]
---
[0.09446546163445062, -0.03777196172944926, 0.049797186081751085]
---
[0.10244915854027382, -0.0373028194212357, 0.05004533315981394]
---
[0.1105376117359, -0.03714446531919349, 0.0489988159359111]
---
[0.1234848318958094, -0.037971193779066825, 0.05037507019882622]
---
[0.1309645625200572, -0.03768779891775083, 0.048634562806861154]
---
[0.14314455944960908, -0.03737781281024803, 0.05079289690706076]
---
[0.15009159924232993, -0.03459014647120519, 0.048865572209368144]
---
[0.07559556451406003, -0.026456511283492544, 0.05080957597628886]
---
[0.08179386004908876, -0.02643164711535185, 0.04915040536997734]
---
[0.09488719001175625, -0.02865733924586054, 0.05110082221238417]
---
[0.10340679999151814, -0.027421997859295062, 0.04820769149329569]
---
[0.11274262676856689, -0.02376161366220214, 0.0433724276970275]
---
[0.12014003461787795, -0.024457967221585424, 0.04524142538660741]
---
[0.13022885671381984, -0.026930454830403537, 0.04858986106944647]
---
[0.14609399410117718, -0.02989581899374627, 0.05068099718700129]
---
[0.15076496723702051, -0.02760206893067672, 0.04781397521460626]
---
[0.0791927594341461, -0.01726974810397929, 0.052824817387970444]
---
[0.08369086654017813, -0.018308651342805245, 0.05215427980172885]
---
[0.09131525212189534, -0.01717290582096951, 0.04877653527882926]
---
[0.09983897568556642, -0.016354334824446048, 0.04220649633292102]
---
[0.11328262871749656, -0.018536027212246623, 0.04588093678262928]
---
[0.12517344015439874, -0.019995312433182994, 0.04114552515349061]
---
[0.13164376199869388, -0.01737250671266354, 0.04224740862441752]
---
[0.14421207607892061, -0.01857660076221637, 0.04885315383507592]
---
[0.15167343122003885, -0.017662271946581657, 0.04969822756359196]
---
[0.07491834943560488, -0.0070752330694284025, 0.05218198226966407]
---
[0.08722891122809784, -0.008225930251747324, 0.05069542514885055]
---
[0.094402409698635, -0.00926623567417436, 0.0458608992616162]
---
[0.10502263063484084, -0.011618140565408662, 0.047663966313046646]
---
[0.11499722668088519, -0.011582144013772097, 0.05157934763647429]
---
[0.12450006076625961, -0.009340311801258848, 0.05063273394421375]
---
[0.13142365776884862, -0.009361981627785274, 0.04674470965275696]
---
[0.13299800882016624, -0.008552195377185264, 0.04231737602230125]
---
[0.1492952206799873, -0.009280860427707472, 0.049453653083234766]
---
[0.07586721997606102, -0.00019594279705412073, 0.05169755054012271]
---
[0.08017649229098156, -0.00020916352078328735, 0.05261835258396299]
---
[0.0860236333046245, -0.00011355092356409245, 0.04309615133563441]
---
[0.10437263323062668, -0.00014169795978833093, 0.05033875325250822]
---
[0.11182264120231894, -0.0001531261381683924, 0.050654677127914605]
---
[0.11954324445980785, 0.0003299395860917109, 0.049436815471175545]
---
[0.13672977979533782, -0.0011480309355264193, 0.04943737299547014]
---
[0.1362001597808791, -0.0003810425240233711, 0.04074644813625031]
---
[0.15585042045192007, 0.00044132895954020657, 0.05067675178467675]
---
[0.0773078392193252, 0.006837121960460317, 0.05168689443095495]
---
[0.08247080981826574, 0.007377636852473186, 0.05122646728654527]
---
[0.08959526632860615, 0.00764246688862104, 0.045027389387792535]
---
[0.10772734451011819, 0.010170237588565941, 0.050056893711431655]
---
[0.11479277375674875, 0.01155915307229052, 0.05078453807212926]
---
[0.12229558357116103, 0.011204936709757606, 0.049565235189654534]
---
[0.12905526317831623, 0.008995673075644238, 0.04704049166880127]
---
[0.13376332919023792, 0.008794025333126577, 0.04283472392118805]
---
[0.1552022260781101, 0.009238904711009304, 0.05092407807994584]
---
[0.07608641945536139, 0.01636660241733029, 0.05129652876635278]
---
[0.08284361350554004, 0.017284140061625992, 0.052733892294815746]
---
[0.09212292937721459, 0.018121355216223923, 0.045081421100925716]
---
[0.10372082155168291, 0.014181205473988698, 0.047690300823964984]
---
[0.11611425589381652, 0.021374547268801992, 0.04295760540973617]
---
[0.12343930172507744, 0.016006691477572502, 0.04589666447355855]
---
[0.12597118488252237, 0.016013644613639993, 0.04153444711629713]
---
[0.14538787189614158, 0.019368178174879867, 0.04985596136415043]
---
[0.15201921334930052, 0.01923568297423421, 0.05006808803640699]
---
[0.07799948358441829, 0.02511050793434061, 0.05119519909287877]
---
[0.08396427150620722, 0.02712745255433731, 0.05084566899135549]
---
[0.09241850489579474, 0.028218799234883837, 0.050093469068158036]
---
[0.10231712062424404, 0.029070351392503514, 0.050643326879788585]
---
[0.11191672552843694, 0.028809229613803736, 0.04831534018316281]
---
[0.12207304332715906, 0.02829075256481306, 0.0473712945101194]
---
[0.13020269087291161, 0.02749728429175485, 0.048628334750660356]
---
[0.14729864947528556, 0.02972896494961003, 0.05108348716856325]
---
[0.15555526719231358, 0.02993102000790191, 0.0511343050204207]
---
[0.07976510845067553, 0.036221206935057655, 0.05112863325280741]
---
[0.08537652806661461, 0.037785066595454, 0.052123428451993595]
---
[0.094619384973563, 0.037842463808246726, 0.0516088178433576]
---
[0.10424499593116451, 0.03854111335563912, 0.05047225955928164]
---
[0.11567388917870633, 0.03962647035111699, 0.05162050375578263]
---
[0.1217397206654933, 0.03831862892720901, 0.05066093390596254]
---
[0.13011168944341814, 0.039018833142015485, 0.04962637458559061]
---
[0.14167361402479775, 0.03977091016908639, 0.05030132312989574]
---
[0.14801883066472088, 0.038992738918798606, 0.049116849034988454]
---
