[-0.16146001002407134, 0.6015260930833032, 0.7823662981640785]
---
[-0.14229449102809483, 0.7001438016034478, 0.6996791656890513]
---
[-0.052580321095224924, 0.48843754621093, 0.8710132451834296]
---
[-0.05257810019461839, 0.4444806053082977, 0.8942441136986556]
---
[-0.05332135445901687, 0.42983419262248057, 0.9013320143050707]
---
[-0.04820419608986248, 0.39801474137197745, 0.916111685947695]
---
[-0.07312920867509548, 0.44635467491205816, 0.8918630068697241]
---
[-0.047730147455218364, 0.3309226923928358, 0.9424500011583533]
---
[-0.0019790639525066323, 0.31009769320337327, 0.9507026369879379]
---
[-0.16254553345895578, 0.42350094253757004, 0.8911935262457499]
---
[-0.049424246124970816, 0.37149337547250005, 0.9271191486939674]
---
[-0.023766327853261604, 0.3156579921802314, 0.9485753494757893]
---
[-0.1418117253319794, -0.17193379323863983, 0.9748477857085892]
---
[-0.5008450637318462, -0.33195009142192666, 0.7993518367655245]
---
[-0.5179069994769537, -0.2537751781477505, 0.8169274746566286]
---
[-0.5513937262676198, -0.02295841250870148, 0.8339291756065319]
---
[-0.056879037220321116, 0.22533553493648312, 0.9726194897388075]
---
[-0.01507793201500418, 0.1914006876924964, 0.9813961650205233]
---
[-0.17355518562442335, 0.2737318979208547, 0.9460176772151346]
---
[-0.04509677514990923, 0.246303974125485, 0.9681428785055805]
---
[0.136737572028847, -0.25119582063920326, 0.9582293546375281]
---
[-0.7516056125398751, 0.3891315395540853, 0.5326027113363454]
---
[-0.5881009462201285, 0.572581577087861, 0.5712159089473677]
---
[-0.40593016667958415, 0.7301761874296393, 0.5496029795135767]
---
[-0.6817525118791536, -0.036731493169870504, 0.7306601877452856]
---
[-0.6771005098525171, -0.003441757220302835, 0.735882500039713]
---
[-0.03746872007285007, 0.12707944952338565, 0.9911845986116488]
---
[-0.2501231171121583, 0.12793355776836796, 0.9597246642047005]
---
[0.3296234410322198, -0.08981595502513051, 0.9398305599122654]
---
[-0.2758999733554134, 0.08929055816173112, 0.9570299895644071]
---
[-0.7494740680788136, 0.3515053762765715, 0.5610103312115202]
---
[-0.04582958918678082, 0.18917128496583913, 0.9808740355924122]
---
[0.058277194901171114, 0.22274383462348116, 0.973133573920702]
---
[0.1969794664329182, 0.5293998533182477, 0.8251877877855568]
---
[-0.7155522642851839, -0.011362812737798086, 0.6984667805722987]
---
[-0.05357731796155901, 0.06754738185971486, 0.9962764787968971]
---
[-0.25350233102192754, 0.0035324047656171732, 0.9673283260005472]
---
[-0.048301452574683656, 0.005029183906805569, 0.9988201424622989]
---
[-0.4218977800257683, 0.00330501380249358, 0.9066373807058108]
---
[-0.10781476229409664, -0.0043491396984072705, 0.9941614868900078]
---
[-0.05272742938137326, 0.002239059430414179, 0.9986064313851071]
---
[-0.0475517849683203, 0.004706797893319704, 0.9988576844575598]
---
[0.5181012894846876, 0.19672508643865616, 0.8323883073421968]
---
[-0.8190847440632129, 0.035671705034679674, 0.5725624083912773]
---
[-0.049986032626216814, 0.004810248855561125, 0.9987383331224641]
---
[-0.11179255547762157, -0.10382304952414985, 0.988293073398417]
---
[0.12040435500584273, -0.012664995554412625, 0.9926441402553252]
---
[-0.3005223440567964, -0.010813905847736761, 0.9537134685863072]
---
[-0.5526725799333997, -0.3854680701818446, 0.7388960591720899]
---
[-0.09709597335018039, -0.26187350885951466, 0.9602055182703269]
---
[0.10078334644219139, -0.31856085397671424, 0.9425294156648587]
---
[0.24973545978807402, -0.623392745133421, 0.7409545771769392]
---
[-0.7606155889254022, -0.014734714094037683, 0.6490352949449135]
---
[-0.11492209832935296, -0.05602061464685481, 0.9917936287606247]
---
[-0.15839336692858563, -0.2558624002662758, 0.9536487683854082]
---
[-0.03812245257795227, -0.22274850659213416, 0.9741302692250228]
---
[0.05830304502183775, 0.38487188268193384, 0.9211266953367739]
---
[-0.6677151984625512, -0.4649231740640165, 0.5813801303453328]
---
[-0.7195665387585781, -0.5451207958520493, 0.43019450743661103]
---
[-0.3056333663475289, -0.6925188583520732, 0.6534568663667237]
---
[-0.6212916011652255, -0.019093201986705485, 0.7833467916315512]
---
[-0.6985424269543807, 0.019738327764947584, 0.7152963554791308]
---
[-0.0243809862925643, -0.11664397911534301, 0.9928744883637314]
---
[-0.0785726977870741, -0.35943592886087905, 0.9298559803573768]
---
[-0.04819458227874679, -0.3465125554597502, 0.9368064534084565]
---
[-0.007914792879800847, -0.2664989949565522, 0.9638026985544381]
---
[-0.07217544617193988, 0.029805884238026742, 0.9969464951714666]
---
[-0.31751979982310957, 0.12131455593241651, 0.9404594383806315]
---
[-0.4581201306937246, 0.0863527206283433, 0.884685906688497]
---
[-0.6304650171978676, 0.08915458655537278, 0.7710806195112372]
---
[-0.0564580146252357, -0.2069968130870466, 0.9767112223970723]
---
[0.011834195388523372, -0.17683964221534954, 0.984168528637577]
---
[-0.2867775163641392, -0.6010604124898032, 0.7459792467928338]
---
[-0.05084631574435505, -0.5058643805836517, 0.8611131636619798]
---
[-0.04133727041461582, -0.48397035736997285, 0.8741075009756236]
---
[-0.0421129938412263, -0.4331922228847357, 0.9003171628831201]
---
[-0.0377794381296247, -0.3944803137324946, 0.918127440027866]
---
[-0.04016771000254865, -0.354481918631397, 0.9341997240614852]
---
[-0.054242175773146606, -0.3882931738239149, 0.9199381487519398]
---
[-0.039525685227132235, -0.3486334412007121, 0.9364253541440851]
---
[0.004457109464787501, -0.3479699120268831, 0.9374951063868133]
---
