[-0.8375277940353029, 0.4555588882282492, 0.3016840956606778]
---
[-0.04418893894659115, 0.3582608129578759, 0.9325752128238968]
---
[-0.2565408366448459, 0.6280007812338289, 0.7347120646234571]
---
[-0.05673324506739574, 0.3320773107102394, 0.9415444751128744]
---
[0.0170180956082297, 0.3250610671164263, 0.9455398918432785]
---
[-0.19993619528294243, 0.1198814396985241, 0.972447406409]
---
[0.07100000527825528, -0.623984354999745, 0.7782046799949486]
---
[-0.6838821620667361, 0.45505238038962675, 0.570291609186617]
---
[-0.7208101152445869, -0.15551876627428288, 0.6754603549414357]
---
[-0.001987708490830964, 0.04326267986273621, 0.9990617546208291]
---
[-0.34438999484809946, -0.11280535393657641, 0.9320249372048849]
---
[-0.8358639638756056, -0.10085483301787689, 0.5395921946721399]
---
[-0.06731043914754081, -0.09731126644612836, 0.992975237457821]
---
[0.6350671234762068, 0.10121183533482243, 0.7657975666374328]
---
[-0.13241495222449512, -0.08053579493980283, 0.9879171352703621]
---
[-0.17692273639551903, -0.3790204683379756, 0.9083181325544392]
---
[-0.10516610916814267, 0.46523862632033525, 0.878915872004825]
---
[-0.7721286162970784, -0.536514377584358, 0.34054327557658165]
---
[-0.7292040072013154, -0.009233137279830578, 0.684234071833255]
---
[-0.013925696840364044, -0.179131928872231, 0.9837265001137381]
---
[-0.14371862786910278, -0.5765967248875552, 0.804289234574458]
---
[-0.054237715232010264, -0.5041567291062597, 0.8619073399984993]
---
[-0.055016330306363825, -0.44485514595882386, 0.8939111267422363]
---
[-0.06349529102230866, -0.4719643255499957, 0.8793281659460991]
---
[0.0963788920113538, -0.43675901128547145, 0.8944007352611028]
---
