[0.06019929077378397, -0.08885872664025318, 0.04173233800245728]
---
[0.08612509034135508, -0.09349509690944172, 0.04692563435251977]
---
[0.10374025678170368, -0.09287305131673143, 0.044351623382343414]
---
[0.1257233542172703, -0.09779459578331895, 0.04007717490453426]
---
[0.14168079134199282, -0.09992964319803586, 0.04104935844765179]
---
[0.16115772603250356, -0.09445308654159794, 0.04321388299002538]
---
[0.18146095235036352, -0.09634212208212009, 0.04145837449377596]
---
[0.2010935111385202, -0.098108380136492, 0.046471792537314704]
---
[0.21836603354051318, -0.09490583866742744, 0.03779858398983294]
---
[0.062419788200723095, -0.06543082127633598, 0.04075163945331474]
---
[0.08433409716968497, -0.07738880108771395, 0.0412606641132035]
---
[0.10052730022655777, -0.08098164414039918, 0.04166777545208335]
---
[0.12007654938919952, -0.08381152790490547, 0.04075095932821514]
---
[0.1401372663482141, -0.08561858437153039, 0.046931417329986916]
---
[0.1607643844700573, -0.07980986543194914, 0.04261392541545773]
---
[0.1802639390418638, -0.08308558454677428, 0.0391845291833941]
---
[0.20096377750669472, -0.08031681736720027, 0.04059558865597393]
---
[0.2158184958561139, -0.07611751518486087, 0.040050584549335314]
---
[0.062197550224629736, -0.056419439502885936, 0.04048349892707584]
---
[0.07836388044442025, -0.05868154871697643, 0.038439926308541914]
---
[0.09700622599974755, -0.05947882627618049, 0.036069997567924145]
---
[0.12045771800648841, -0.0629883559915173, 0.043546406872148176]
---
[0.14150340132335532, -0.06052284628116747, 0.047161760987091]
---
[0.15711377415922928, -0.061678892380308395, 0.04250617934499261]
---
[0.17741839151504452, -0.059760747310233994, 0.0367061291160268]
---
[0.19986079607259913, -0.059831276434096706, 0.03754650347550251]
---
[0.21553876986301798, -0.06004196058663908, 0.038821881143096676]
---
[0.059826323259652106, -0.035470420364305894, 0.0438977475896465]
---
[0.0786729228857473, -0.03940817467695624, 0.04310915562653637]
---
[0.0963356967068783, -0.042613296882413707, 0.04329550855817861]
---
[0.12191903947746922, -0.042982600543261654, 0.04579869044887189]
---
[0.1430638329222676, -0.03997743197928157, 0.04360314139785544]
---
[0.15872340671827628, -0.039394839261028915, 0.04162131381666968]
---
[0.17553459977072045, -0.040164405917009434, 0.0416732391760551]
---
[0.19594057364785486, -0.04249244676261337, 0.037324484008040254]
---
[0.20831416740155703, -0.03998935523156137, 0.03707741887354599]
---
[0.059941758647718515, -0.018747083954629457, 0.04574030223092801]
---
[0.07905059463547166, -0.014625141220539518, 0.04879162862906902]
---
[0.09880243814833174, -0.016713060229617445, 0.050015256823336116]
---
[0.11469513873012664, -0.016685439553517985, 0.04430357884218668]
---
[0.14113077460115378, -0.01976248798878278, 0.040428767074862954]
---
[0.15603725689452555, -0.020012845942277476, 0.039856379992732005]
---
[0.18223188718875247, -0.020466090537580323, 0.045085295389643495]
---
[0.19480870454334187, -0.021409386746762793, 0.03988719307756389]
---
[0.21659496281655724, -0.022371504073546204, 0.03885410838560974]
---
[0.061818190512469756, -0.00022926206041015086, 0.04477129432742407]
---
[0.07855119037308596, 0.00245122549545246, 0.04615947068350917]
---
[0.09762044344922448, 0.002890580199687144, 0.0461492533660595]
---
[0.11821649158163591, 0.0026074685861620104, 0.0440679583098231]
---
[0.14401679618105398, -0.0012151016884149187, 0.044241654473906745]
---
[0.15860621501266434, -0.0026989982685204925, 0.041861720804108105]
---
[0.17679568147916136, -0.0010111863556713195, 0.03997731453824907]
---
[0.1931751745534107, -0.0011116909305535696, 0.03748786730617863]
---
[0.20975877249102914, -0.003944179027641618, 0.03968570224367027]
---
[0.061234017941694446, 0.016180998957199832, 0.043253239426215374]
---
[0.07971115374251947, 0.02008709044087767, 0.040709423727522245]
---
[0.09770153684409606, 0.02174675978904475, 0.0402847979406235]
---
[0.11522164658130231, 0.02003869623258743, 0.04423559518755783]
---
[0.1376589285261412, 0.017459321512258683, 0.04318786192856791]
---
[0.1592178303596465, 0.019075353611092995, 0.03810111389601503]
---
[0.17629124269562907, 0.016945019779899546, 0.035179886749534525]
---
[0.192858528996547, 0.015015770135934019, 0.03601562245198533]
---
[0.2075168584745965, 0.01713908897472602, 0.03848624127891259]
---
[0.05867823371703616, 0.03330486656331005, 0.042988551471203375]
---
[0.07834212435812551, 0.03731396438709381, 0.04102944401526833]
---
[0.10137628655912176, 0.03798833289238843, 0.03901642232287225]
---
[0.12124708076444041, 0.040417652135519906, 0.044898207036565635]
---
[0.14149659676552662, 0.035409181329586446, 0.04787517938974718]
---
[0.16029826400062044, 0.03594027598547003, 0.03690464224115934]
---
[0.17585549609190868, 0.03521405063278262, 0.03562400854599261]
---
[0.19056772154700413, 0.03580417457770678, 0.037870301008523496]
---
[0.21004396304828257, 0.03561700611355006, 0.04045609760776281]
---
[0.06336727503939132, 0.05495681823630152, 0.04773804591665956]
---
[0.082501855376265, 0.0490086199416618, 0.04615473770970124]
---
[0.10820289349499503, 0.05294950024212375, 0.03965365462162648]
---
[0.11740341515481338, 0.0504469697861276, 0.04236412793042048]
---
[0.1446067092303209, 0.057567686293293355, 0.05065744278918544]
---
[0.1579137766349767, 0.0522087875119192, 0.0429322325964928]
---
[0.17918124344718506, 0.05381058939494975, 0.03868531301501155]
---
[0.20092393006850207, 0.05762606964235131, 0.04364084841202548]
---
[0.21562733802219208, 0.05635127815553896, 0.04056759565313523]
---
[0.05730918704279839, 0.07058901057399092, 0.04158473385400385]
---
[0.08798204776491127, 0.07692026236652413, 0.04872538209728211]
---
[0.09977752680591102, 0.07158761578744509, 0.04205019807703467]
---
[0.11599681395875788, 0.06971944023150345, 0.03971006445384135]
---
[0.13886078483104997, 0.07419760733739808, 0.04723448247367609]
---
[0.1579900861789095, 0.0715309151657417, 0.04493293075162029]
---
[0.175422024172119, 0.07094533810212689, 0.039661346717861784]
---
[0.20068121767529065, 0.07378166192050448, 0.04406709314321867]
---
[0.21977180836784385, 0.07470166018453109, 0.041501515355761825]
---
[0.06349301420281377, 0.09562979846388758, 0.04431166939444165]
---
[0.08088003716409312, 0.09591466032941272, 0.0434655450014015]
---
[0.1022508542652055, 0.09277787810657759, 0.042148305191993286]
---
[0.11711688744643939, 0.09152150896182164, 0.04131189630503257]
---
[0.14204237162149802, 0.09460327975144453, 0.04220021246872943]
---
[0.15753803740606154, 0.09436545764170545, 0.04184723718740752]
---
[0.1835175310192179, 0.09681625006158381, 0.04246431632008958]
---
[0.20184770436181185, 0.09813035778761614, 0.041684746828832074]
---
[0.21870223411153117, 0.09544486574436975, 0.042420525920336336]
---
