[-0.3004608185829688, 0.927954350517478, 0.2205085482518478]
---
[-0.1361010926209516, 0.6704214368766046, 0.7293912458781585]
---
[0.0666810216741745, 0.23147707756128447, 0.9705524220319971]
---
[0.18895909987259746, 0.698350890253653, 0.6903625805743445]
---
[-0.5748589636632655, 0.7625672743335621, 0.29669567575459865]
---
[0.31282640053617283, 0.08013630937035178, 0.9464236974252501]
---
[-0.23987197499906293, 0.4328232212455607, 0.8689795709685385]
---
[-0.03587865021618997, 0.26270452504960995, 0.9642090307485838]
---
[0.3539690278140743, 0.13772788612372172, 0.9250605151730616]
---
[0.1410005848240024, 0.6798329113653879, 0.719684686306267]
---
[-0.040147441264280825, 0.5062410367658552, 0.8614570190405111]
---
[-0.01347359660288322, 0.39006894746869536, 0.9206870686695056]
---
[-0.3159122887501222, 0.7594836630281916, 0.5686686129987654]
---
[-0.2939084593131097, 0.7168242502707213, 0.632282224776257]
---
[0.3052059586705198, -0.019036489690277658, 0.9520960743812994]
---
[-0.26182981473150946, 0.4386338632260598, 0.8596775454489]
---
[-0.13099134843807453, 0.1772683005202409, 0.9754061801449899]
---
[-0.045279287401805646, 0.29164608799108893, 0.9554539996733904]
---
[0.2610114475463995, 0.5453926263703561, 0.7965048068596814]
---
[0.15516868181764076, 0.5764714196906038, 0.8022489529210214]
---
[-0.27678003233128323, 0.7104098873186563, 0.6470785158715973]
---
[-0.3117407789236624, 0.5773407986791362, 0.7546491164353175]
---
[-0.016994459453355426, 0.2808275190673406, 0.9596077807533506]
---
[0.2521036871764229, 0.3767525444518597, 0.8913479966663427]
---
[0.05956757054194056, 0.4452753249436497, 0.8934100903482444]
---
[-0.0989976065888884, 0.22614001830511524, 0.9690511679011765]
---
[-0.23910422673350556, 0.29052468187168806, 0.9265120495608934]
---
[-0.275292859015663, 0.6857574352193065, 0.6737585486035935]
---
[-0.18717010388879524, 0.764534009111711, 0.6168104255943088]
---
[-0.1812260355913757, 0.7379380765497652, 0.6500803944143109]
---
[0.0008816764276896039, 0.4455580126629892, 0.8952526347341762]
---
[0.00017779253662064676, 0.09885907605804263, 0.9951014277302412]
---
[-0.2184476015547231, 0.11551801926421587, 0.9689872200396976]
---
[0.062254027123965106, 0.5046801871120548, 0.8610588509755821]
---
[0.08282866824251611, 0.4067467408651142, 0.9097782699717436]
---
[-0.36131499858288274, 0.22526229704684092, 0.9048250490167878]
---
[-0.4458845159456316, 0.42417491827521053, 0.7882021549996854]
---
[-0.1890050588087016, 0.17316532220823974, 0.9665872226184432]
---
[0.06921626552938459, 0.07763737519707523, 0.9945760637370449]
---
[0.22946370262051147, 0.16361843168004356, 0.9594662151395685]
---
[0.21908125417862345, 0.17180621752453532, 0.960461361891999]
---
[-0.2879520259158948, 0.14499583761826113, 0.9466043723986863]
---
[-0.09525424474436434, 0.07424665029914586, 0.9926802424635726]
---
[0.3670787171841369, 0.1195475655069248, 0.9224757964151779]
---
[-0.3659306896050966, 0.11795550511960887, 0.9231366254336982]
---
[-0.2664910435851121, -0.03677140427361273, 0.9631357056597288]
---
[-0.25303871098630515, -0.3681965225104693, 0.8946522964557722]
---
[-0.22037871206758575, -0.3792884126388126, 0.8986509463108364]
---
[0.05327691184497796, -0.0713507250275354, 0.9960274317017113]
---
[0.06980958944379168, 0.18481235528776993, 0.9802912906655229]
---
[-0.19041892121944415, 0.09798667422019051, 0.9768005150064623]
---
[0.01985077508848121, -0.41032153149544903, 0.9117248419998304]
---
[0.03901075428446166, -0.2496891276017619, 0.9675399219709896]
---
[-0.3666007329220171, 0.016299040412641054, 0.9302355851625262]
---
[0.17870435475856572, -0.22796605471941947, 0.9571291613392559]
---
[0.006690775980776331, -0.3347860503382911, 0.9422704144860234]
---
[-0.3193079285210289, -0.41853370437286425, 0.8502187865999771]
---
[-0.3113501728629517, -0.1703694287653078, 0.9348985654071743]
---
[0.11347765600150345, 0.08353618985072889, 0.9900224879130914]
---
[0.23369863048973283, -0.3555939066614782, 0.904951890241935]
---
[-0.047356284349971245, -0.2622824021492049, 0.9638284722166116]
---
[-0.21775481733887064, -0.026985093138434862, 0.9756303830211652]
---
[-0.2913378546846871, -0.07616572412093285, 0.9535832616488497]
---
[-0.34595256606806274, -0.6686786738298175, 0.658168407929247]
---
[0.03905475603896186, -0.06954311269369898, 0.9968141659846175]
---
[-0.09144634530344098, -0.4064425760338906, 0.9090885536170715]
---
[-0.5504518416018334, -0.5111840767058634, 0.6600709127052368]
---
[0.14810583415310463, 0.14408954556513287, 0.9784185529458477]
---
[0.2714190485971344, 0.2049815957484985, 0.9403798410552119]
---
[-0.24419896557019816, -0.16238011042935102, 0.9560332446894284]
---
[-0.2829413131613813, -0.08828879220552761, 0.955065077613773]
---
[-0.056164631496775363, -0.09650981336192758, 0.9937461396622771]
---
[-0.4538148244489784, -0.814516865447828, 0.3614061164554192]
---
[0.11951298006367572, -0.17919291490232983, 0.9765278013682488]
---
[0.2625050561086301, -0.08861502068560219, 0.9608529927238064]
---
[-0.5848967950396795, -0.6048103732587172, 0.5404629048796618]
---
[-0.15235043371606738, -0.4797630528669299, 0.8640698805364816]
---
[0.20299369786064186, 0.28570319676512657, 0.9365720698307474]
---
[-0.28963105905325986, -0.29139537531264126, 0.9117031232139619]
---
[-0.31153494543036914, -0.287778830794675, 0.90560991730554]
---
[0.35255711124345, 0.021290527463943172, 0.9355480729240914]
---
[-0.5924643461978152, -0.8001887674511233, -0.09318763292115195]
---
[0.23709688185098404, -0.6112635963525422, 0.7550774029135671]
---
[0.33874085016617955, -0.09801151938777136, 0.9357608553984265]
---
[-0.4044232583527216, -0.6520684086763577, 0.6412866897961083]
---
[-0.3105241075220778, -0.6592658057686281, 0.6847944041767999]
---
[0.3806235902489507, -0.3127415607592068, 0.8702404258134038]
---
[-0.11247642006464703, -0.3476433804769528, 0.9308561300974482]
---
[-0.28899840354316014, -0.4350902273848375, 0.8527463965234416]
---
[0.4422513084724131, -0.07499664616718375, 0.8937501234786559]
---
[-0.22133287560457218, -0.9384751471705147, 0.26509650378662336]
---
[-0.0667998276374353, -0.9114860582330665, 0.4058706058269753]
---
[0.058467117185273865, -0.6822991766277928, 0.7287313838315732]
---
[-0.09707180474213073, -0.6313023888826905, 0.769437689819724]
---
[-0.09580021809440836, -0.7606253861997361, 0.6420835927521948]
---
[-0.0026482317777057895, -0.6693384624529775, 0.7429528986076677]
---
[-0.05951831603202451, -0.46788587751530364, 0.8817824990769815]
---
[-0.06800964965341039, -0.6212022921107649, 0.78069353771525]
---
[0.06835351708219167, -0.49532673083016, 0.8660134100737705]
---
