[0.09222394831417727, -0.03222504621541086, 0.03973361849675372]
---
[0.09579265852988264, -0.03350937169776026, 0.03851906813361192]
---
[0.10728376119855731, -0.03541796670224216, 0.04039983302348714]
---
[0.11772517987193278, -0.03619057360594442, 0.040074143503879306]
---
[0.1207023025250557, -0.03333900687051193, 0.0373069317760077]
---
[0.1325446501099399, -0.032762730344888795, 0.037366172066493654]
---
[0.13945051756835727, -0.03234056112191446, 0.03685777864855115]
---
[0.15210552742452638, -0.03395475568551666, 0.03716873429437141]
---
[0.16437655484444869, -0.03569357097564509, 0.037964048310864015]
---
[0.08729471778209319, -0.02284040299363018, 0.03934403138195337]
---
[0.09310362679949477, -0.024874490312369824, 0.03844350145980652]
---
[0.10277957774192507, -0.027385685916655522, 0.03740130701199701]
---
[0.11090902402536233, -0.028026310311935435, 0.03829569523833335]
---
[0.12189348981710418, -0.02842438585231795, 0.04108687562698531]
---
[0.1364258918052794, -0.028141329841843317, 0.040059941080007155]
---
[0.14306458402056874, -0.025443920660284752, 0.037549053732939736]
---
[0.155037731103152, -0.026631537181898358, 0.039173459425822225]
---
[0.16327976485471402, -0.026967250134821083, 0.037641789425551374]
---
[0.08478710372745328, -0.014826792104513941, 0.03888673148714962]
---
[0.09288874024464337, -0.015831945908759464, 0.03810355614975114]
---
[0.10317261261624479, -0.017990013918616862, 0.0411610375364499]
---
[0.11568091691166035, -0.02161728830446342, 0.040058509116901245]
---
[0.13092647331470572, -0.019135432243386416, 0.043431884967747636]
---
[0.13977505760883635, -0.021767477937273346, 0.04010006855343816]
---
[0.14682267474671645, -0.018521788311268834, 0.03821033292507267]
---
[0.15859131628284348, -0.017623908191425917, 0.03904830020698149]
---
[0.16279823880644606, -0.01625503561427907, 0.03785677270696088]
---
[0.08539866359793293, -0.005753943171275759, 0.038793501890471815]
---
[0.09360428683647266, -0.006271272781931533, 0.03804919434200077]
---
[0.1024237340237497, -0.009606772896219064, 0.03987671747501549]
---
[0.11357215401874646, -0.010003984271499443, 0.04534078766495511]
---
[0.12616040325703312, -0.010360375627439179, 0.04620548224262266]
---
[0.1380051985330944, -0.010266977327982372, 0.04239322325181072]
---
[0.14779472915554376, -0.008970193024588203, 0.04112861905768711]
---
[0.15496671209658827, -0.009223710176029075, 0.0367507080850769]
---
[0.16273890187012136, -0.008564730309543106, 0.037032962140939145]
---
[0.09069147175047833, 0.0006035678906307641, 0.0392581499806556]
---
[0.09634147798573238, 0.001552713867064141, 0.04150338524992146]
---
[0.09961906934429114, 0.0012097305838410515, 0.043111500079032194]
---
[0.11036710505564831, 0.00196187237553726, 0.047725800710598724]
---
[0.12786803346546585, 0.005514076543377394, 0.05108634971983597]
---
[0.14101782619562817, 0.0003958229862531888, 0.046635006385472716]
---
[0.14670075101188218, 0.0004132580364144838, 0.04179726513091681]
---
[0.15660705825981275, 0.0002218246293277046, 0.041113312424809076]
---
[0.16278165953813026, 0.0009251963124392638, 0.037181192940810404]
---
[0.08257027012562446, 0.009364182161285765, 0.03731044026222014]
---
[0.0932334254319396, 0.010905939287035905, 0.03991086510207918]
---
[0.10041016438448865, 0.011455508781300793, 0.042206304940205955]
---
[0.11874991158828135, 0.017008255911978843, 0.045761757745253095]
---
[0.12321842332316206, 0.017545321157052304, 0.04512330472237307]
---
[0.13974193429003262, 0.014563177362515235, 0.04364330758383495]
---
[0.14774520282964035, 0.011899480829126173, 0.04023209327371277]
---
[0.15366289345858172, 0.011324052199303979, 0.03757581623036124]
---
[0.15960056500574527, 0.012026580428055614, 0.03604323697164612]
---
[0.08728158657565528, 0.01897982923487713, 0.03956989820936067]
---
[0.09209604992670732, 0.019802066226621506, 0.03961724436077159]
---
[0.10178466411551572, 0.020886448658588335, 0.04065435336008623]
---
[0.10926799777201018, 0.021999045123514062, 0.04268923222051523]
---
[0.12303976816746004, 0.02386346574733217, 0.042508988380177096]
---
[0.13951764585052998, 0.024958386858443232, 0.040317726616057765]
---
[0.14544691529783554, 0.020842239198242848, 0.039595776008823934]
---
[0.1517681288226222, 0.01832812183093718, 0.037884241286333525]
---
[0.15752812616758197, 0.019310566341859473, 0.03508901828291776]
---
[0.0851120487570593, 0.027304231925008658, 0.03916958950047786]
---
[0.09527885822315013, 0.03008617576907007, 0.03709141358698097]
---
[0.1018685444441404, 0.03091681204290333, 0.03763857829893818]
---
[0.11007038409153846, 0.030903097395921945, 0.0383816097955534]
---
[0.12446129819570312, 0.03168012302481635, 0.03931454612680495]
---
[0.13754374508934122, 0.03206177813212209, 0.036508441557098203]
---
[0.1488672535267317, 0.03073456963940273, 0.040185679443902125]
---
[0.15273053901319325, 0.030470208792801497, 0.03621538734353652]
---
[0.16570487458765468, 0.030083881304426095, 0.03814708477201434]
---
[0.087220893408342, 0.03543573862378606, 0.038975518028703596]
---
[0.0928557916016615, 0.03643614214412284, 0.037936856607182504]
---
[0.1023679145806813, 0.03743161697965117, 0.037342501848308646]
---
[0.11255627653364737, 0.038258165709981834, 0.03827011679959297]
---
[0.12168769133732567, 0.03848933705490659, 0.03735075341429721]
---
[0.13112790546393757, 0.037137182034457386, 0.03646546452020388]
---
[0.14206811779245268, 0.03902037537686628, 0.03778357844213763]
---
[0.14776139265425775, 0.03846859228873885, 0.03478197036730336]
---
[0.160315976708616, 0.03884837244923822, 0.03556864315441782]
---
