[0.0852331989549123, -0.032327725743058755, 0.03902103399903633]
---
[0.10420355502665223, -0.0352422530733192, 0.038845129766120715]
---
[0.12051299125873503, -0.03547897700673994, 0.03749508834797133]
---
[0.14205790258399312, -0.035562663197093905, 0.03719657613631953]
---
[0.15990838508492777, -0.03392967454421519, 0.037218985733854175]
---
[0.08482394132248897, -0.015416947441830479, 0.03749928036018936]
---
[0.10178473971651666, -0.02016183757814626, 0.03867243518753524]
---
[0.12130869918257677, -0.019831656036431083, 0.03987457951970572]
---
[0.13912566375284768, -0.016670285799260325, 0.036659543032575445]
---
[0.15887888061511396, -0.016744878657849696, 0.03542260887660043]
---
[0.08285336264977937, 0.0017393524732574207, 0.03689188208801342]
---
[0.09828357689727027, 0.0010589119809160314, 0.04108795848163001]
---
[0.12262479298079768, 0.002206344542474598, 0.05031804337585583]
---
[0.14303123932310186, 0.0030155232688545723, 0.042981858762384216]
---
[0.16505341027134046, 0.0009391357756842334, 0.036224467217806214]
---
[0.0830516193986784, 0.016988836298719535, 0.038158025990072814]
---
[0.10420299027450011, 0.021151048672601737, 0.03766056539339082]
---
[0.12357839199636095, 0.023621328011268136, 0.04105130678070351]
---
[0.14184271680805952, 0.019463953558614612, 0.03901531834729524]
---
[0.1580967832339486, 0.01893009695104614, 0.03598587229626562]
---
[0.08425599445671465, 0.034582332686950226, 0.03791033644255219]
---
[0.1048406008539789, 0.03679773745316568, 0.03850592911080268]
---
[0.12353500366566883, 0.03971497355254257, 0.0379298422012706]
---
[0.14259301432945323, 0.037437311344921384, 0.03746206049891942]
---
[0.15778324341676542, 0.036754553021754614, 0.035394303683278734]
---
