[-0.05120623828781824, -0.3858778150683733, 0.9211276963583654]
---
[-0.018646327057376767, -0.3798585560110806, 0.9248566331667011]
---
[-0.041938943605676224, -0.3762724904845328, 0.925559364878238]
---
[-0.01641122096028229, -0.3889570606342859, 0.9211096985752181]
---
[0.020666418650989803, -0.37867951375164866, 0.9252971009383727]
---
[-0.008027047441791627, -0.32788050511707845, 0.9446851014351487]
---
[-0.018737863585411973, -0.27554142520500086, 0.9611065578094091]
---
[-0.020496950042897515, -0.24913040458429836, 0.9682530230010145]
---
[0.008007345195205118, -0.2605752682427337, 0.96542032918473]
---
[-0.10441244211669744, -0.2808634224254763, 0.9540512459373846]
---
[-0.04786337936186222, -0.28845415460446955, 0.9562966577414581]
---
[-0.0857290225802745, -0.3327855333568761, 0.9390976112608371]
---
[-0.07394884664977419, -0.36060495777598744, 0.9297825727053322]
---
[-0.010801221733487704, -0.44666681148959186, 0.8946351731978712]
---
[0.059378831726243045, -0.3688580782660864, 0.9275871239084102]
---
[0.012513694773853426, -0.23285126799444358, 0.9724318456511422]
---
[-0.017926155348479873, -0.18214384650937476, 0.9831084742454373]
---
[0.05927286294725035, -0.146074974025825, 0.9874962428695062]
---
[-0.16863819133268268, -0.20312723393181537, 0.9645208589031402]
---
[-0.08339678794848204, -0.22559209117543294, 0.9706457562669147]
---
[-0.21468224971175648, -0.3661209417348246, 0.9054650670687987]
---
[-0.1615432076511359, -0.48567790980832004, 0.8590813465475802]
---
[0.04347064556616271, -0.594166719298493, 0.8031663667336469]
---
[0.20475907297981724, -0.480465918663833, 0.8527755994603533]
---
[0.143636577052665, -0.28332738860080736, 0.9482057395951792]
---
[0.05061082973075521, -0.1885232385545074, 0.9807637495538284]
---
[0.017634253891144824, -0.11842492281209703, 0.9928064115156848]
---
[-0.15694626962238534, -0.07595874221872759, 0.9846817444901507]
---
[-0.2423837338008124, -0.14927284111327013, 0.9586280532587963]
---
[-0.35534472457623895, -0.32018811217456516, 0.8781854585097189]
---
[-0.3231584075010296, -0.5244076448184537, 0.7877596497138966]
---
[0.01709016337339511, -0.5670163716543423, 0.8235292105273592]
---
[0.3787079563255595, -0.42198970090051807, 0.8237141349701423]
---
[0.32223924861539927, -0.2612765764171753, 0.9098881344800046]
---
[0.09884444155718608, -0.1363984932838581, 0.9857105190689311]
---
[0.04800259420606323, -0.0490737573602173, 0.9976409761472503]
---
[-0.16951457956936278, -0.0025694046727020832, 0.9855243302288637]
---
[-0.18401121393648492, -0.006586913160641156, 0.9829020733118001]
---
[-0.4689571636999712, -0.0020408470772845157, 0.8832185536760909]
---
[-0.5598587907040854, 0.10315345906807205, 0.8221420183603625]
---
[0.038268882477855266, 0.12206936887548128, 0.9917835256830182]
---
[0.5049637317428238, -0.062461104588561, 0.8608775987548628]
---
[0.48283876216936567, -0.074063215294788, 0.8725716989949608]
---
[0.25943171531816656, -0.025640229588131665, 0.9654210292477275]
---
[0.06620733563789998, 0.02861691620759548, 0.9973954385370418]
---
[-0.13550529631474106, 0.1544876322877997, 0.9786582070062886]
---
[-0.21363220003944602, 0.2021910678146094, 0.9557615053988595]
---
[-0.4246401231834892, 0.3465662169587724, 0.8364045809568456]
---
[-0.2956036407770721, 0.6097800157497446, 0.7353820911278579]
---
[0.03556466106940203, 0.6725308410454806, 0.7392140574459317]
---
[0.4110324287062289, 0.42529416443732293, 0.8063356721908181]
---
[0.3930368527927771, 0.1576954986212007, 0.9058996423784258]
---
[0.18283816317672627, 0.08800826506780454, 0.9791959718901604]
---
[0.041540763389129466, 0.07692692833336576, 0.9961709756232818]
---
[-0.08503597626100681, 0.28280932567211947, 0.9553992715374128]
---
[-0.07941672379401354, 0.2983788633151122, 0.9511377596902602]
---
[-0.1894834463443566, 0.44909489605684194, 0.8731608087272127]
---
[-0.22922903023977828, 0.5812512402165474, 0.7807695226134641]
---
[0.03206375947879294, 0.6675402371323869, 0.7438830197936522]
---
[0.18236640890977454, 0.5394588538977267, 0.8220259350243785]
---
[0.24519623970444238, 0.2877221430569061, 0.9257941306951257]
---
[0.11275635504830367, 0.1847022340098049, 0.9763048136458244]
---
[0.0005674883647141509, 0.13007373827760832, 0.991504160640511]
---
[-0.18766215281446622, 0.4115301104844096, 0.8918665172354715]
---
[-0.052588710858432905, 0.3642871168538374, 0.9298006904625133]
---
[-0.06793195613060896, 0.38509617050803213, 0.9203728531395946]
---
[-0.07278607815430803, 0.4393326218181961, 0.8953708919957498]
---
[-0.0021032678040555346, 0.48607520218874534, 0.8739144546703156]
---
[0.08994167144968584, 0.3465155041618204, 0.933722389745644]
---
[0.0763360929943074, 0.2828700724182027, 0.9561157477191164]
---
[-0.011661891945740526, 0.21392354794415624, 0.9767807921490012]
---
[-0.023033702469318906, 0.18806620072250085, 0.9818862218690917]
---
[-0.060910379970365, 0.46880133543501684, 0.8812010176493276]
---
[-0.037032585882847385, 0.41720273101581107, 0.9080586263098757]
---
[-0.01776979575462066, 0.4103294021320356, 0.9117642327404631]
---
[0.001123292663974717, 0.42906016168470407, 0.9032752160159639]
---
[0.00075838824086321, 0.4456862087845132, 0.8951889343298226]
---
[0.003236145267341929, 0.35503056521986254, 0.9348490921659353]
---
[0.014510183336709564, 0.3191599336131461, 0.9475897801029661]
---
[-0.017253287613448534, 0.2963876757655425, 0.9549118648968747]
---
[0.08731276256971378, 0.28474367188231586, 0.954619045910682]
---
