[-0.08100767978796253, 0.42095076765402917, 0.9034590234354042]
---
[-0.054195349205450605, 0.3915188823429502, 0.9185727129048773]
---
[-0.026746755043984882, 0.39869602870734966, 0.9166930172023812]
---
[-0.036889406652863665, 0.32645071599447717, 0.9444940982893927]
---
[0.018160686106806156, 0.25677620825477737, 0.9663002475185594]
---
[-0.10848617026087354, 0.19874889233681053, 0.974027529722348]
---
[-0.23138527587909696, 0.3493300289862003, 0.9079809386517179]
---
[-0.22266704263043008, 0.5368179689719644, 0.8137848956051184]
---
[0.12157017020520344, 0.37179611908605925, 0.9203196942089324]
---
[-0.008450547758480587, 0.11536256013161819, 0.9932875051879291]
---
[-0.1654010136169991, -0.02429185859500998, 0.9859271830619488]
---
[-0.5380038068045729, -0.03111750038195001, 0.8423678561256759]
---
[-0.07510054837380792, -0.06594618092035985, 0.9949929692495183]
---
[0.5295617587259154, -0.03046436865063192, 0.8477241685464879]
---
[0.06142768135982196, -0.028580780323544656, 0.997702249651094]
---
[-0.26466059305583883, -0.30777668242588463, 0.913908247166119]
---
[-0.3036005232396853, -0.4259594072201285, 0.8522824095857348]
---
[-0.289915410676176, -0.5965638231765994, 0.7483720061101856]
---
[0.16935424863059945, -0.41246989953624236, 0.895090900661674]
---
[-0.006235934969869628, -0.13432639928228127, 0.990917520064566]
---
[-0.1421750244197919, -0.4899366154409443, 0.8600862603724723]
---
[-0.04677775338831197, -0.40544925932423626, 0.9129198978559786]
---
[-0.07034717734868817, -0.47473781295556067, 0.8773113948816824]
---
[-0.0026593481322433332, -0.32073450011163684, 0.9471654070465463]
---
[-0.02422019998138275, -0.2710241670758421, 0.962267781219816]
---
