[-0.6327909691951805, 0.4699595799494126, 0.6153970933623225]
---
[-0.39665430609732827, 0.3580903219276753, 0.8452435641850113]
---
[0.12167795572544787, 0.2814238357057127, 0.951837748666841]
---
[0.3499388060911266, 0.22669358276558985, 0.9089295085563114]
---
[0.08716224865684247, 0.20185310583010718, 0.9755296336225892]
---
[-0.42261517023917045, 0.25028685541504647, 0.8710642386702399]
---
[-0.48071858273798523, 0.2782998682308143, 0.8315400336442584]
---
[-0.2547921392403584, 0.23560653745940285, 0.9378542132377041]
---
[0.3566436681584089, 0.10434789527605767, 0.92839474940026]
---
[0.5573725088475586, 0.10442029607861947, 0.823670011684189]
---
[0.42272718179684954, 0.21526022720084237, 0.8803208303542154]
---
[-0.23205371473201036, 0.07283897346175608, 0.9699719364105915]
---
[-0.7170913573304256, 0.1398486084685565, 0.682804768547655]
---
[-0.7213336189162645, 0.17668163710651574, 0.6696726135437575]
---
[-0.5940623943082111, 0.17353706281339257, 0.7854774086496034]
---
[-0.012264602679625869, 0.1681835283919774, 0.9856794003623773]
---
[0.4432949268759666, 0.2539386592098472, 0.8596538635780897]
---
[0.39520929096137264, 0.49886172083934294, 0.7713278160542502]
---
[-0.004371522912150594, 0.12612785862319764, 0.9920043614150874]
---
[0.0013862308494275166, 0.13606286469021536, 0.9906992354980012]
---
[-0.6366418192390937, 0.26637697604204896, 0.7236922692903601]
---
[-0.3046201781091601, 0.1454863625881522, 0.9412971185495114]
---
[0.23593222307538442, 0.10452492783308905, 0.966131733034473]
---
[0.3568876452175378, 0.09829249700584057, 0.9289616750563167]
---
[-0.03506043612068016, 0.10311877574322444, 0.9940509463343647]
---
[-0.4072755615963882, 0.12811366155423132, 0.9042751277401777]
---
[-0.5028448545375126, 0.10581548316968845, 0.8578753614521826]
---
[-0.25434881984880886, 0.08742068834592394, 0.9631533113116744]
---
[0.4281473272407139, 0.06018099255796342, 0.9017028969185868]
---
[0.5508973709467792, 0.1430810948565994, 0.8222164477669879]
---
[0.46658801514185466, 0.07693834564712392, 0.8811220772940993]
---
[-0.0357601084144919, 0.06774511817934567, 0.9970615896769116]
---
[-0.7348505345151523, 0.10350186457620109, 0.6702850557427377]
---
[-0.7465567256533925, 0.09334191760221706, 0.6587414832846236]
---
[-0.5952606481197529, 0.0754186160358424, 0.7999854955905702]
---
[-0.09243409581099177, 0.05674541228727199, 0.9941005462808841]
---
[0.5242869718753587, 0.08827283907974232, 0.8469539993426849]
---
[0.624241825112457, -0.07701474272230092, 0.777425799149788]
---
[-0.04378281529706918, 0.04144556229374518, 0.9981810108646718]
---
[-0.013959797299372967, 0.03299678078927322, 0.9993579621521534]
---
[-0.6635869711239579, -0.05793753172098454, 0.7458522468777655]
---
[-0.20357570714929502, -0.0016574562598890878, 0.9790578043697987]
---
[0.22372570110212386, 0.027035251339622986, 0.974277119638641]
---
[0.36873458547360605, 0.11801626796278221, 0.9220124543474153]
---
[-0.003750692202811712, -0.02441317616184255, 0.9996949180313416]
---
[-0.4266708678238868, 0.0030022113053751274, 0.9044019887625684]
---
[-0.5088832170835335, 0.006948154804581417, 0.8608075246624679]
---
[-0.2694375148181729, 0.020558539713864548, 0.962798406756804]
---
[0.38939098437426795, 0.03985899469331584, 0.9202097162223822]
---
[0.5499350165400642, 0.11470779626147715, 0.8272929342499636]
---
[0.46104072169810817, 0.053365608303605934, 0.8857728629770014]
---
[-0.36908651576291535, 0.025682263548732893, 0.9290401311143693]
---
[-0.7403391445973735, -0.012815520289461113, 0.6721113846800544]
---
[-0.7514947263867607, -0.0040615977470207475, 0.6597265946106986]
---
[-0.5691113370071266, -0.0016988144000329788, 0.82225871848196]
---
[-0.04351496289928786, 0.006925504907081287, 0.9990287710499912]
---
[0.4716124472488484, 0.0703596806523913, 0.878994433963291]
---
[0.568817292024607, 0.14816280786481303, 0.8090084490655257]
---
[-0.01378108509922743, 0.007063718819696712, 0.9998800855952299]
---
[-0.01918711670382095, -0.003434014392842601, 0.9998100130013422]
---
[-0.6879891367720021, -0.3237332595964446, 0.649513451989084]
---
[-0.33620875899059766, -0.21607395270590013, 0.9166655427908539]
---
[0.2739908750113616, -0.0493516266435504, 0.9604652088223417]
---
[0.3631568288793285, 0.02208709465022742, 0.9314661979311015]
---
[-0.0037372253289262303, -0.0860528360276119, 0.9962835653359166]
---
[-0.4560676031438503, -0.1178407836656021, 0.8821087750769179]
---
[-0.5076232608455841, -0.12521620585261156, 0.8524315379198336]
---
[-0.2792082176619439, -0.07381884162585352, 0.9573889229623758]
---
[0.3604964156700215, 0.04522576492583753, 0.9316635468214587]
---
[0.5543555738661076, 0.10834137423473827, 0.8251981848940939]
---
[0.41774771635399816, 0.028451839179262455, 0.9081174694544409]
---
[-0.2483310236779741, -0.07461443918344607, 0.9657972810814853]
---
[-0.7290622172119803, -0.07273978176173879, 0.6805712362296884]
---
[-0.7497437447602269, -0.05965112082416475, 0.6590341880185979]
---
[-0.5936174525459232, -0.06614765110419087, 0.8020241943272578]
---
[-0.009391754826089449, -0.0382586587147388, 0.9992237336926282]
---
[0.49790164732033293, 0.07841267421150261, 0.8636813081911058]
---
[0.5678795428362349, 0.29013894071629714, 0.7702806111464408]
---
[-0.04240158620456197, -0.037421093036088295, 0.9983996030063921]
---
[0.0602616598870333, -0.04491835712903814, 0.9971714363841796]
---
[-0.7071030081206605, -0.5080874000595592, 0.49178504431044917]
---
[-0.3227603404131416, -0.4459753590301582, 0.8348243778150677]
---
[0.28031263750528557, -0.16936276130485112, 0.9448497660146966]
---
[0.34714218329243285, -0.01287608777354489, 0.937724112382001]
---
[-0.009026567034769784, -0.2576724849400288, 0.9661901529162867]
---
[-0.4693685573976527, -0.3741998826801298, 0.7997922262241761]
---
[-0.5060112946800509, -0.33919644177583286, 0.7930311113334918]
---
[-0.34099275300907783, -0.4685212589184126, 0.8149918848287975]
---
[0.47561291735308797, -0.05439273487955429, 0.8779714022900788]
---
[0.5284115394519387, 0.1418329079970262, 0.8370571492933678]
---
[0.4615476052991658, 0.0002784414816228917, 0.8871153986449265]
---
[-0.027485922746410985, -0.10506831004879244, 0.9940850940811201]
---
[-0.7264349053388701, -0.17782438903076508, 0.6638304113033253]
---
[-0.7479968813423176, -0.1567805176657191, 0.644919014127073]
---
[-0.5894574406452722, -0.15313327099473406, 0.7931520200960084]
---
[0.014844591969966403, -0.13758939990570898, 0.9903781071504115]
---
[0.5154518784826464, 0.016455581480910683, 0.8567605119324982]
---
[0.5914398794793725, 0.06385000871129105, 0.8038171715937609]
---
[-0.022241551631299428, -0.11039505814715392, 0.9936388904011956]
---
[0.0677345420311879, -0.16696366293749804, 0.9836336549113794]
---
