[0.053319945325872795, -0.016892926994596914, 0.05089398314509463]
---
[0.07461626647289733, -0.016812298787213742, 0.054565673552467664]
---
[0.09136178714803093, -0.016801020092180777, 0.04615797121277174]
---
[0.10582397450619438, -0.01539185254625523, 0.05141173770307227]
---
[0.13414511338653176, -0.01907708143284359, 0.053912031764458086]
---
[0.15322868602622497, -0.016539800806671758, 0.0412352796821925]
---
[0.16869518295583444, -0.018594845710165855, 0.044152311429277134]
---
[0.1888546717718436, -0.019612813805515023, 0.05780139935699846]
---
[0.21334301475247458, -0.01764981225253577, 0.05293085820152801]
---
[0.23588099671231103, -0.018241954650844716, 0.048115390791043336]
---
[0.045932360897657495, 0.0017191712506281977, 0.05030339692912952]
---
[0.07589643449650842, -0.0019609334171614944, 0.05518716199775547]
---
[0.09286892189196397, -0.0006202690522638498, 0.04821752991923178]
---
[0.10854270908472034, -0.0005923860946462925, 0.052248855341196394]
---
[0.13754752818610755, 0.0007703596741769329, 0.05557894112679201]
---
[0.15491131725494656, -0.0004384478178965523, 0.04264979666005356]
---
[0.1693133670395753, -0.0004826328931068182, 0.04507919714722698]
---
[0.18673801455270223, 0.0, 0.05679443792326036]
---
[0.21057683467619667, 0.0, 0.055890154092908255]
---
[0.23481003985933244, 0.0, 0.048316965376777425]
---
[0.04830146266620722, 0.015232654101586694, 0.04974974065176436]
---
[0.07644930833086276, 0.02261521890978161, 0.05391638229861248]
---
[0.0932829879867213, 0.02089119035281202, 0.04997159280639809]
---
[0.10534636650976792, 0.018716650320425195, 0.05127879183903592]
---
[0.1357844875560628, 0.02089230976700778, 0.052311299754775845]
---
[0.1539607255379361, 0.01684632378919491, 0.04241885569850376]
---
[0.1689836670587466, 0.018629079802639517, 0.04543116213454504]
---
[0.1871961756694623, 0.01970099004269994, 0.05804209823747616]
---
[0.22095800100190646, 0.020904262794498585, 0.054778233267229415]
---
[0.23534760429717774, 0.019924033385933865, 0.04819588781445162]
---
