[-0.7123667080220649, 0.5098310482422526, 0.482292417056304]
---
[0.24690836974168362, 0.21343365492935204, 0.9452419435758245]
---
[-0.12136703307147528, 0.2836287566306235, 0.9512227771114369]
---
[-0.4870381892074959, 0.20588318683563944, 0.8487672918014009]
---
[0.37601390738971596, 0.16551911290835206, 0.9117110094276315]
---
[0.3486623185858195, 0.22084036956466022, 0.9108590004873997]
---
[-0.710458064979696, 0.14183861140880616, 0.6892975745053278]
---
[-0.5664578810263765, 0.19805006687830773, 0.7999385226582137]
---
[0.5249723187996155, 0.17714390145870504, 0.8324806920704789]
---
[-0.042909998175234776, 0.13657499108950966, 0.9896999564845409]
---
[-0.6088608025187314, -0.040717683313106226, 0.7922314014363859]
---
[0.24265446215770087, 0.020737930508338515, 0.9698911022548812]
---
[-0.0654225784589007, 0.0025456516363834177, 0.9978544011455455]
---
[-0.5240986223389356, 0.010075775666368808, 0.8515979760468849]
---
[0.3907287609372482, 0.03157112603804761, 0.9199642924467957]
---
[0.38993177482187724, 0.07575079495126416, 0.9177227402917029]
---
[-0.7172218431884758, 0.004471888454899196, 0.6968305603710075]
---
[-0.6262353013211271, -0.010518723278157125, 0.7795631493598416]
---
[0.4557619211386247, 0.014989193893932358, 0.8899755026439999]
---
[-0.0645913166993114, -0.008216307655527156, 0.9978779755539046]
---
[-0.7222082150038479, -0.4919864783159438, 0.4861734251635226]
---
[0.26952181625294397, -0.41631389059703766, 0.8683551894585948]
---
[-0.16829881712504918, -0.4345540052562453, 0.8847815123916551]
---
[-0.5129205938978965, -0.2655077143450954, 0.8163443623733017]
---
[0.4517734498935604, 0.0041574713926634185, 0.8921230102417997]
---
[0.3664932771400109, 0.01993045177912513, 0.9302072107348205]
---
[-0.7295417876875177, -0.16255534777339126, 0.6643376693579646]
---
[-0.5608451942071637, -0.19049952147053661, 0.8057062743048643]
---
[0.578082115655738, -0.04131903323184409, 0.8149317793851045]
---
[-0.046805007051783254, -0.13797379912802854, 0.9893293294293166]
---
