[0.05779902467595838, -0.017344558068729837, 0.053769327875494564]
---
[0.062409988634125, -0.014786437865172367, 0.05612018696896631]
---
[0.07141996978499737, -0.017429277708297455, 0.05620200856098141]
---
[0.08836134147116383, -0.019501412725718734, 0.051182898898256265]
---
[0.09542798095925105, -0.018868856764052477, 0.05079759217328147]
---
[0.09867425518318364, -0.01751718533393836, 0.05002583265283973]
---
[0.11256302729340553, -0.020645483770915397, 0.052470307038652304]
---
[0.12568151061068628, -0.019007826881141957, 0.05687151799813082]
---
[0.13205687590184212, -0.01799701603902951, 0.05486393339283307]
---
[0.1430476374759336, -0.018618026176211173, 0.04727187077734103]
---
[0.15889017346863038, -0.016974462136935712, 0.04274718602546618]
---
[0.16680347457720976, -0.015246811882694212, 0.04244911241940351]
---
[0.17195610397365263, -0.017738797922952645, 0.045584716382361064]
---
[0.1820435213724496, -0.019121568770454574, 0.05415754541264576]
---
[0.18800685784212023, -0.018699271045611327, 0.05646669088452392]
---
[0.20504568168936885, -0.018415517203979593, 0.05926121951402294]
---
[0.21644675010678235, -0.01855411391764651, 0.0558058481743179]
---
[0.22697172698501228, -0.01718411221400429, 0.048631267964524966]
---
[0.2341948280389694, -0.018104564640417445, 0.04731143678642338]
---
[0.2399470050534698, -0.01751768079756955, 0.04711975028082138]
---
[0.054246096638528016, -0.00739716679907243, 0.05194192337296893]
---
[0.06277093848911237, -0.007292532668832711, 0.05695987031806526]
---
[0.07595798410684214, -0.00928682356407911, 0.05614390225678682]
---
[0.08576887688935535, -0.010826956280823793, 0.05184607574337958]
---
[0.10005695551875189, -0.008809261814438335, 0.049567182385364075]
---
[0.10700325030625815, -0.008768764166050873, 0.05070114227007691]
---
[0.11405370171518249, -0.00941951817151658, 0.05425096827459177]
---
[0.12566714136373372, -0.008735296605959035, 0.05621124287406112]
---
[0.1346714279548858, -0.009427274192050316, 0.053918523269584455]
---
[0.14600342259556992, -0.008232681872664474, 0.046688322466845365]
---
[0.15505928905466237, -0.008568783297063808, 0.042485061999046336]
---
[0.15835430407051793, -0.008090394750211456, 0.04163683246654514]
---
[0.16927569014580574, -0.010146875187699602, 0.04493563863978799]
---
[0.17342330295548114, -0.009917259382829743, 0.05065270033734266]
---
[0.189036256910517, -0.011421757557720328, 0.05739114225071747]
---
[0.20236854844048566, -0.010523480772838673, 0.06184274201387653]
---
[0.21249194227631504, -0.009541267621250366, 0.05380561895242858]
---
[0.2263020814984019, -0.00921025275360713, 0.04950340902332975]
---
[0.23400453327861281, -0.007835917348668332, 0.04768128185896163]
---
[0.24023090786185158, -0.007354683028738344, 0.04739458727956852]
---
[0.05729787749829457, 0.0025737490425788634, 0.05345430479424926]
---
[0.06669967887359385, -0.0003356372475305128, 0.05829261977497278]
---
[0.07359194980617811, -0.0004724136224345664, 0.05555010621388822]
---
[0.08493376790751998, -0.0019023743272792862, 0.052353652235768114]
---
[0.09328795277300216, 0.0006234830420311187, 0.05101316285507779]
---
[0.09896714247975087, 0.00013340603409274688, 0.05154595586120364]
---
[0.11141873377966618, -0.0021354184150166986, 0.05349555838365268]
---
[0.12396382656071252, -0.0025767101494879887, 0.058398814568748424]
---
[0.13382326419729054, -0.0013081721850970493, 0.05486233132642439]
---
[0.14331537577319647, -0.0010071961115955689, 0.04791188606273225]
---
[0.1536102531306446, -0.00043445619052091193, 0.04451655171817828]
---
[0.16179993603660753, -0.0013787802799947893, 0.04269345525929057]
---
[0.17253323922302197, -0.0012312987216861176, 0.04784644755931769]
---
[0.18110833769915852, -0.0005188195244190359, 0.05425679841193511]
---
[0.18975823710074227, -0.0010907246012219509, 0.05880927006168828]
---
[0.20232470254116938, -0.0005839107225645405, 0.06166581514425141]
---
[0.2116114246519182, -0.000918606758421897, 0.05600488496229066]
---
[0.23010782984490055, 0.0010037267501579019, 0.05066671175006198]
---
[0.23500385174368005, 0.0003420839020375787, 0.04842856561713152]
---
[0.2399698677463466, 0.0010491116006687326, 0.04833068129406686]
---
[0.04904912292141675, 0.008678602163770904, 0.05257095967490617]
---
[0.06530616714198137, 0.009924830052305563, 0.058640438191005374]
---
[0.07593211372953992, 0.011194324368499892, 0.05508099078614255]
---
[0.08595945969796054, 0.007857580097928252, 0.053132274756251596]
---
[0.09345706219291984, 0.008780523283696716, 0.05089600986775724]
---
[0.09976401165893282, 0.00918807387634138, 0.05180156870043888]
---
[0.11084280532150095, 0.009582096404739917, 0.05280331922191663]
---
[0.12064853919553899, 0.00634044444522819, 0.05710342260897757]
---
[0.137371651728482, 0.008474852915639739, 0.05614432652064425]
---
[0.14564205189751595, 0.01006417389078065, 0.04724279309196987]
---
[0.15542387872528818, 0.011464819400901619, 0.042614901815993235]
---
[0.16154686589986178, 0.009648238590406304, 0.04284197121211469]
---
[0.16684661149451624, 0.00927480534084128, 0.04660626661163424]
---
[0.17921674891484388, 0.00847197836380902, 0.05176694778793869]
---
[0.19156102977780043, 0.008269133365248059, 0.061130154364065874]
---
[0.20374815439779947, 0.009125157032340092, 0.06189664545254717]
---
[0.21183896644549874, 0.008895793717407735, 0.05516071192296252]
---
[0.2208500603700015, 0.008654993389244036, 0.04971848182969301]
---
[0.22906045715403156, 0.008995241937714449, 0.05083379366170663]
---
[0.24202370518105107, 0.010593037351503166, 0.05011053917029697]
---
[0.0470057541890956, 0.015324627431771619, 0.04930711305679468]
---
[0.05881521792250023, 0.017893819356861372, 0.05702476350343276]
---
[0.07435324707918185, 0.019543124132023186, 0.05541555233749635]
---
[0.08451406180444093, 0.018518881680473002, 0.05053287998339447]
---
[0.09004122318971056, 0.019802955662711428, 0.04958022034040378]
---
[0.09700692559365974, 0.021570502226272152, 0.05058524157654444]
---
[0.10753068116228931, 0.020837245523154295, 0.05344194104024567]
---
[0.12332242230503643, 0.0224986704439385, 0.057311593856345]
---
[0.13491019134647034, 0.020938710014835615, 0.05400906947514057]
---
[0.14222286162532666, 0.01829710403369675, 0.04876372489154115]
---
[0.1540176633711181, 0.020621240664920534, 0.041986681646583826]
---
[0.16476021451934406, 0.017652797434693918, 0.0432921720183995]
---
[0.16368949235234953, 0.018945388153589864, 0.04577329353810927]
---
[0.1771046853143997, 0.020106649055598655, 0.05089838083891039]
---
[0.1883942091879705, 0.01901410901876187, 0.05892869119644018]
---
[0.20504158764300154, 0.020209654674435085, 0.06172491047178322]
---
[0.2153393738685687, 0.018453616429362742, 0.05773158689923908]
---
[0.22294476508976502, 0.01914382693665935, 0.05133460788292569]
---
[0.22815751594798048, 0.018948457576969266, 0.04778104635577278]
---
[0.24321655803093495, 0.021698956404659336, 0.04917285924706322]
---
