[-0.00607707513922473, 0.4160993503982975, 0.9092988506293556]
---
[-0.4530896788327834, 0.5520867655145038, 0.6999356729578361]
---
[-0.30591963189164206, 0.39765380190810207, 0.865034469053872]
---
[0.4545257919159821, 0.38605897935380107, 0.8027233452089526]
---
[0.1928923655151628, 0.48395546456466126, 0.8535687691357786]
---
[-0.723886182544446, 0.33146815836987553, 0.6050765692935995]
---
[-0.6253838650956294, 0.251390216852974, 0.7387137335589925]
---
[0.11423382756513539, 0.5432267518730618, 0.8317784132142778]
---
[0.6481726987106255, 0.34372122474660516, 0.6795056087368804]
---
[0.0740738638192574, -0.061743536154536066, 0.9953395392739202]
---
[-0.47533324106303576, 0.013237582563939298, 0.8797062443499951]
---
[-0.39846947880035694, -0.008398204528202348, 0.9171431429309577]
---
[0.49269016612755934, 0.03480966408590069, 0.8695083021382974]
---
[0.4087639155324437, 0.09506148910582728, 0.907675809222416]
---
[-0.6740259914632782, -0.00260165171596817, 0.7387030487552445]
---
[-0.697323045156004, 0.015548285244732677, 0.7165883208093098]
---
[0.16026441978409817, -0.01178724108472731, 0.9870037369224481]
---
[0.6739131864583294, 0.02123730217727225, 0.7385052431187011]
---
[0.051225473172424985, -0.3863342044128735, 0.9209353035902864]
---
[-0.49093413947870956, -0.46752993637056967, 0.7351186498053427]
---
[-0.2796907108243497, -0.37962622566359916, 0.8818486463486696]
---
[0.49108328014220837, -0.249110470691812, 0.8347342004233881]
---
[-0.09886307360405006, -0.4129352243348271, 0.9053787015283199]
---
[-0.726505396820806, -0.21712508533279573, 0.6519559844878096]
---
[-0.5938330568231284, -0.26022247867712744, 0.7613452319514658]
---
[0.2120427728055586, -0.3480841147572495, 0.9131677346219544]
---
[0.7114918202161378, -0.013696851524256749, 0.7025608770945401]
---
