[0.05440302363177814, -0.017869509765010592, 0.05280419600498473]
---
[0.06466842033011953, -0.02115630450627981, 0.05353300772543627]
---
[0.06757204356117753, -0.022223716210549867, 0.0545019632480984]
---
[0.07683776213193112, -0.020650003356658866, 0.058312642549930065]
---
[0.0909331259991519, -0.021323196341066365, 0.06210357761900768]
---
[0.1034783580825383, -0.021576501158773423, 0.058793040738256246]
---
[0.11360400508252455, -0.021346942473516477, 0.05824122892464889]
---
[0.12426867699774666, -0.02286922062357842, 0.04864654530437393]
---
[0.13245901468728935, -0.021663823509244846, 0.04395368943162142]
---
[0.13571795272442738, -0.018739917316404398, 0.0444383500007967]
---
[0.15093203563248325, -0.023010754693648452, 0.048742186221201564]
---
[0.16347733174238366, -0.023658297190609932, 0.0589329132889519]
---
[0.16873196426076495, -0.023003334148683535, 0.0629503021763415]
---
[0.18523262247213051, -0.0219059678093117, 0.06818595367103854]
---
[0.195626115951088, -0.022934139918858898, 0.06702645231795215]
---
[0.20657857847970756, -0.023696015553881598, 0.05559370782125053]
---
[0.2164338304002031, -0.01918548053508359, 0.050063788140947627]
---
[0.05819357146364415, -0.01059664632871519, 0.055179640786791065]
---
[0.06272328861504192, -0.00920262358231843, 0.054198046441622724]
---
[0.0699070046000539, -0.010505950632622194, 0.05678948686763299]
---
[0.07716168983055799, -0.008036928236518932, 0.05937302989214181]
---
[0.08453488420102191, -0.008607635250044095, 0.060631230773969556]
---
[0.10037215387832144, -0.010212186047199243, 0.06246069124958064]
---
[0.1136932045386342, -0.008129010557353041, 0.0564506385368905]
---
[0.1236240740416835, -0.0113398981575305, 0.0486498152949447]
---
[0.13245979388725693, -0.012984755360699722, 0.04548887251380216]
---
[0.13760369738137354, -0.009265085357985384, 0.04465100037952752]
---
[0.1508193665760806, -0.010239931685797518, 0.04878950660385043]
---
[0.16007274311280445, -0.010694151209064867, 0.05650297396360466]
---
[0.17103620179795553, -0.011731215046909577, 0.0653920737423519]
---
[0.18313083089345386, -0.012359458895911064, 0.06792243913077363]
---
[0.19311013920221204, -0.011963593266517865, 0.06635661678259393]
---
[0.21095540059588763, -0.010692057738223178, 0.06028206832338719]
---
[0.21680651447657684, -0.010376450748341698, 0.04783607341773085]
---
[0.057489742194318086, -0.0024446632189012796, 0.05346244280689172]
---
[0.06137264058548959, -0.001818502038844164, 0.053342994774770114]
---
[0.07035855263736056, -0.0010743721370065516, 0.05679119000530158]
---
[0.07485964705484607, -0.0007714426751429154, 0.05802550155777493]
---
[0.0888892057668586, -0.000707699371980367, 0.06350501676503403]
---
[0.10062263440851733, -0.0002718916977256636, 0.06108019274556204]
---
[0.11084709527854959, -0.0006065258090883372, 0.05805422995428886]
---
[0.12402784503299126, -0.0012029862423583069, 0.049615032417342164]
---
[0.13752003669458043, 0.0, 0.044708381437495275]
---
[0.13832323847396, -0.0017441076032354919, 0.045348128437251466]
---
[0.14490864967612727, -0.0006116422647557388, 0.049615046879572924]
---
[0.15382853996210444, -0.001958184716382855, 0.05381520201810422]
---
[0.1697714083293123, -0.0009680854133172327, 0.0633909287847085]
---
[0.18264003154352917, -0.0007852811356191343, 0.06796041133909242]
---
[0.1969609421708749, 0.0005674548597592159, 0.06637128102690143]
---
[0.20614075858325634, 0.00029780843569029525, 0.06155960587156181]
---
[0.21754185290048053, 0.0003152975095382991, 0.049279453980147485]
---
[0.05310508084873716, 0.009098077670101238, 0.053373407052301876]
---
[0.061858118773135795, 0.009917396721460216, 0.05212109289489143]
---
[0.07127315067087518, 0.009071307221756699, 0.05678462388252122]
---
[0.0811413956610091, 0.010364577599782217, 0.060573861021679574]
---
[0.08938171810434083, 0.007501598932045998, 0.06174115951506713]
---
[0.10329289883787707, 0.007861674875635823, 0.060124992630792407]
---
[0.1151820811161066, 0.009044984062467037, 0.055855578182795976]
---
[0.12628969323786582, 0.008959514624892152, 0.04897399963907833]
---
[0.13543428690455217, 0.010057497943720644, 0.04686661646495552]
---
[0.13912169245632422, 0.00976927611035877, 0.046108865626494244]
---
[0.15011605308999568, 0.008698033731259436, 0.04851753557252528]
---
[0.16234485681935615, 0.009236640030610446, 0.05843954402536927]
---
[0.17297851231728484, 0.010881799798108214, 0.06487305270684054]
---
[0.18770825663068877, 0.01079487487126893, 0.06850074553651797]
---
[0.19944319350567272, 0.012381935862659213, 0.06624743443782066]
---
[0.20613092445399966, 0.01162780714134113, 0.05867526168697988]
---
[0.21876647179032924, 0.015570950141328567, 0.04953458938964706]
---
[0.055037215145904705, 0.01884059644163969, 0.053992069623120933]
---
[0.06089264830675167, 0.02007648381858747, 0.051007110842742745]
---
[0.06830882217978848, 0.019855792635484464, 0.05540408454435051]
---
[0.07604999783467498, 0.01772502297039351, 0.05862950334367031]
---
[0.09103382817543618, 0.021480538524725253, 0.06198409250539249]
---
[0.10358517768508757, 0.02027119379901545, 0.06028460420132418]
---
[0.1156066206648878, 0.021933690986908685, 0.05493005275801711]
---
[0.126035428877712, 0.021231731940857042, 0.04885751690802075]
---
[0.13315742656224916, 0.02025781833025204, 0.04592237367446636]
---
[0.1374983679403506, 0.01999541101914583, 0.04587779046972862]
---
[0.15065821678618652, 0.019916306568415997, 0.0495333693399429]
---
[0.16069381332292482, 0.017645331940901503, 0.056650096655257144]
---
[0.1712551879430893, 0.0198903121387366, 0.0639846839260044]
---
[0.18698812646247076, 0.019677594695514597, 0.06769853873922674]
---
[0.19340623488384573, 0.024071340886486256, 0.06439625900568102]
---
[0.20738290503682208, 0.023185875309183625, 0.05653266595162814]
---
[0.2161384728668068, 0.02263853037506404, 0.05031097767493356]
---
