[0.05969379734370524, -0.020013053589824987, 0.054197711619085646]
---
[0.06829301744945314, -0.022512039584345094, 0.05421458108613889]
---
[0.09581145125863783, -0.02236537150397997, 0.06315342800099075]
---
[0.11288634066669603, -0.02151954837887366, 0.055629071750086335]
---
[0.13345012551070848, -0.024157932673741705, 0.04385108998941084]
---
[0.15074234665468705, -0.026052068798401818, 0.047827018728605813]
---
[0.16836288120298326, -0.024175689983270812, 0.06254078402429017]
---
[0.19262429504135192, -0.024813963696485426, 0.06406489475319872]
---
[0.2106692264041588, -0.023266869667895852, 0.05024304473291452]
---
[0.05962111361508292, 0.003659672858338866, 0.05264641138524094]
---
[0.06847673665072904, -0.0002599045223560795, 0.05598135210472329]
---
[0.08399243742445875, -0.0003313073872835454, 0.061736532887500396]
---
[0.11146262894371142, -0.00015257388583174946, 0.056435577219364166]
---
[0.13697404044653502, -0.00019170793273333886, 0.0466753545923273]
---
[0.14820463904882109, -0.00020893546921779184, 0.04746054161798785]
---
[0.1556540131015634, -0.0015425968550037581, 0.058293161628151915]
---
[0.190606446866225, 0.0016439195725618224, 0.06775121367117617]
---
[0.21210627574187432, 0.00030695943183379576, 0.055341789462890006]
---
[0.05344934895749401, 0.017392786654660607, 0.05266889204234677]
---
[0.06869952683254767, 0.019214568917963887, 0.054071936995600374]
---
[0.08921709382615507, 0.020478814246020542, 0.061798851143193424]
---
[0.11163902259030226, 0.020137412447536487, 0.05678019987350269]
---
[0.13417777704484285, 0.022941689613554736, 0.04423523525313801]
---
[0.15051494120295142, 0.020981260100640255, 0.048403126990016074]
---
[0.17093146771149942, 0.020593116602252718, 0.06349399048884775]
---
[0.1932410226597995, 0.02207175181103456, 0.06681938403804388]
---
[0.21116028767106915, 0.021468139115328373, 0.051458096744321495]
---
