[0.009601770022023559, 0.40592005970446565, 0.9138581460718984]
---
[-0.10025310050647784, 0.49484655472930744, 0.8631779672300337]
---
[-0.4274753616422914, 0.5399250795028527, 0.7250832529528108]
---
[-0.46619105021714197, 0.4374173291041222, 0.7689811342918978]
---
[-0.24507213771286235, 0.4244123255929116, 0.8716730035980609]
---
[0.29333063732959774, 0.4577838786697502, 0.839280082948411]
---
[0.516206355439991, 0.18459221466599343, 0.8363352873627093]
---
[0.511286262927467, 0.3920734946882174, 0.7647644945371312]
---
[0.24811912869242153, 0.4076388092258664, 0.878787516519114]
---
[-0.1914112694202974, 0.2092542395571515, 0.9589444140127561]
---
[-0.716464907763507, 0.2751522062351214, 0.6410688725459806]
---
[-0.7153979779454073, 0.27179229615902845, 0.6436883414356869]
---
[-0.6225354839907854, 0.27312634148128645, 0.7333836463689425]
---
[-0.18159787917636594, 0.25587685278720285, 0.9494994715566526]
---
[0.2889936563132918, 0.27106334091102213, 0.9181543071972325]
---
[0.661221594020157, 0.145565281692092, 0.7359325732479467]
---
[0.7334045724589172, 0.2676729527937359, 0.6248751262764708]
---
[0.06599921795113173, 0.18241565577728064, 0.9810038897767855]
---
[-0.12899533009123498, 0.16655224564089793, 0.9775584659173214]
---
[-0.4704664460935355, 0.22322675016582977, 0.8537160775752795]
---
[-0.48263273810719093, 0.12228073156910965, 0.8672445230695198]
---
[-0.33497301684292957, 0.1250088826892926, 0.9338982049645029]
---
[0.19006093445245525, 0.07211258113517194, 0.9791203280685593]
---
[0.5377883710496427, 0.1561539198272286, 0.8284923785324545]
---
[0.5816350400872203, 0.06124191904379405, 0.8111412376982019]
---
[0.3566040353633865, 0.09905115306333385, 0.9289900058877774]
---
[-0.36223141727266356, 0.058398557659834864, 0.9302569584818425]
---
[-0.7177014662209531, 0.10291544308827563, 0.6887038673902144]
---
[-0.739676470712315, 0.08528591172010269, 0.6675365397763963]
---
[-0.640990827579041, 0.0918588678939829, 0.7620319595323884]
---
[-0.20689536936093977, 0.059771794207502144, 0.9765355286697031]
---
[0.2440432427817419, 0.038176492905974246, 0.9690126165545895]
---
[0.6190772519617884, 0.0728635849711128, 0.7819426155982278]
---
[0.784366273474195, 0.12057751393154395, 0.6084657855379321]
---
[0.1101461500524204, 0.030763263395396125, 0.9934392015890532]
---
[-0.07645832068110286, 0.036345204562867335, 0.996410132076099]
---
[-0.48123407444368405, 0.009602799667746638, 0.8765395323845194]
---
[-0.49262322280663, 0.0031425143114348214, 0.8702370280305312]
---
[-0.2916544811433759, -0.004691670255600429, 0.9565122329898353]
---
[0.2323787805719129, 0.0037300936310473484, 0.9726182132478369]
---
[0.5152287236015108, -0.0522787845228906, 0.8554567733467118]
---
[0.5550754451685935, 0.19471793247269142, 0.8086879354512765]
---
[0.3140738944672127, 0.025367318451162447, 0.9490595808318862]
---
[-0.2950051489175055, 0.005569551061016717, 0.9554794305547026]
---
[-0.7192674835405459, 0.011601099861997123, 0.694636380852056]
---
[-0.749459036079057, 0.006451437003440391, 0.6620192838581374]
---
[-0.6199206634014995, 0.0006961184134373225, 0.7846641870934338]
---
[-0.26198289662599944, -0.009549097496986698, 0.9650252725252555]
---
[0.32180705805026855, -0.0048819479427375636, 0.9467926826783757]
---
[0.5652145748145967, 0.02601912443469429, 0.8245334981556579]
---
[0.7719291132214934, 0.17373086923345418, 0.611508813703014]
---
[0.07266697974489034, -0.19126939058504827, 0.9788439764742795]
---
[-0.1571549377749641, -0.20557369876394227, 0.9659408780611054]
---
[-0.4970684500786885, -0.19882663867859282, 0.8446247235832863]
---
[-0.4452976667856115, -0.2027573503375237, 0.8721235261357169]
---
[-0.1978668698613565, -0.12899534551986808, 0.9717041229949984]
---
[0.3481421414400986, -0.021353768253595272, 0.9371985200238391]
---
[0.5506194829176194, 0.08155071870998759, 0.8307633028182083]
---
[0.5681356581740087, 0.06951082439696087, 0.8199939751015498]
---
[0.32669052089353057, 0.02359590812136491, 0.9448367777972247]
---
[-0.3236664520354021, -0.10169809491196513, 0.9406899198556832]
---
[-0.721507921542867, -0.1060831539537891, 0.6842314546979764]
---
[-0.7349787448260001, -0.07649228470773893, 0.6737619572476528]
---
[-0.5802679349369322, -0.09704317092876145, 0.8086233651460484]
---
[-0.10754343144415396, -0.08393574099344692, 0.9906508980145818]
---
[0.3335174399246273, -0.03361891367904811, 0.9421443020626743]
---
[0.6043621014697627, 0.06568131813604004, 0.7939977422858111]
---
[0.5742624271613341, 0.5469935035096126, 0.6091147444193529]
---
[0.0060801328822072676, -0.4413380295142347, 0.8973203305891532]
---
[-0.18358143114157427, -0.5746777403963954, 0.7975232616249541]
---
[-0.4797598130560663, -0.4782191929723227, 0.7356200957350939]
---
[-0.4931352496065332, -0.3857516063584876, 0.779752091236278]
---
[-0.2413188207860194, -0.46084411603154896, 0.8540421110539843]
---
[0.31579237473350896, -0.36170678622952096, 0.8771792159277845]
---
[0.5223317628789261, -0.38180634152983084, 0.7624916045802732]
---
[0.5727397680277635, -0.2185219579489935, 0.790074244621126]
---
[0.34565782499396797, -0.20962253900342212, 0.9146469587563271]
---
[-0.2453274740719512, -0.28805245926302014, 0.9256566378404049]
---
[-0.7248444923227466, -0.22131345787022746, 0.6523962103774844]
---
[-0.7390832896123903, -0.18545448699954514, 0.6475820598715372]
---
[-0.5654707591871659, -0.2042305661980588, 0.7990824089758894]
---
[-0.07096716293690436, -0.17455128911776618, 0.9820873226205565]
---
[0.2925979425708016, -0.4248989707102058, 0.856648882969412]
---
[0.6516231354719535, -0.19454820364386785, 0.7331700251487675]
---
[0.7869227874254938, -0.06339979469530782, 0.6137857872768674]
---
